>> StressCalculator
______________________________________________________________
             Hello in The Stress Calculator Program           
______________________________________________________________

> Enter the lower limit of x-axis: 0.2
> Enter the upper limit of x-axis: 1.4
> How many bar that you want to use in x-axis? 6
> How many rows do you want? 7
> Enter the lower limit of y-axis: 0.2
> Enter the upper limit of y-axis: 1.0
> How many bar that you want to use in y-axis? 4
> How many columns do you want? 5
Please Enter 35 value(You can ignore zero symmetric data on the axis): 
> Enter the data: 2.043
    2.0430         0         0         0         0
         0         0         0         0         0
         0         0         0         0         0
         0         0         0         0         0
         0         0         0         0         0
         0         0         0         0         0
         0         0         0         0         0

> Enter the data: 3.0480
    2.0430    3.0480         0         0         0
         0         0         0         0         0
         0         0         0         0         0
         0         0         0         0         0
         0         0         0         0         0
         0         0         0         0         0
         0         0         0         0         0

> Enter the data: 3.354
    2.0430    3.0480    3.3540         0         0
         0         0         0         0         0
         0         0         0         0         0
         0         0         0         0         0
         0         0         0         0         0
         0         0         0         0         0
         0         0         0         0         0

> Enter the data: 3.0480
    2.0430    3.0480    3.3540    3.0480         0
         0         0         0         0         0
         0         0         0         0         0
         0         0         0         0         0
         0         0         0         0         0
         0         0         0         0         0
         0         0         0         0         0

> Enter the data: 2.043
    2.0430    3.0480    3.3540    3.0480    2.0430
         0         0         0         0         0
         0         0         0         0         0
         0         0         0         0         0
         0         0         0         0         0
         0         0         0         0         0
         0         0         0         0         0

> Enter the data: 3.123
    2.0430    3.0480    3.3540    3.0480    2.0430
    3.1230         0         0         0         0
         0         0         0         0         0
         0         0         0         0         0
         0         0         0         0         0
         0         0         0         0         0
         0         0         0         0         0

> Enter the data: 4.794
    2.0430    3.0480    3.3540    3.0480    2.0430
    3.1230    4.7940         0         0         0
         0         0         0         0         0
         0         0         0         0         0
         0         0         0         0         0
         0         0         0         0         0
         0         0         0         0         0

> Enter the data: 5.319
    2.0430    3.0480    3.3540    3.0480    2.0430
    3.1230    4.7940    5.3190         0         0
         0         0         0         0         0
         0         0         0         0         0
         0         0         0         0         0
         0         0         0         0         0
         0         0         0         0         0

> Enter the data: 4.794
    2.0430    3.0480    3.3540    3.0480    2.0430
    3.1230    4.7940    5.3190    4.7940         0
         0         0         0         0         0
         0         0         0         0         0
         0         0         0         0         0
         0         0         0         0         0
         0         0         0         0         0

> Enter the data: 3.123
    2.0430    3.0480    3.3540    3.0480    2.0430
    3.1230    4.7940    5.3190    4.7940    3.1230
         0         0         0         0         0
         0         0         0         0         0
         0         0         0         0         0
         0         0         0         0         0
         0         0         0         0         0

> Enter the data: 3.657
    2.0430    3.0480    3.3540    3.0480    2.0430
    3.1230    4.7940    5.3190    4.7940    3.1230
    3.6570         0         0         0         0
         0         0         0         0         0
         0         0         0         0         0
         0         0         0         0         0
         0         0         0         0         0

> Enter the data: 5.686
    2.0430    3.0480    3.3540    3.0480    2.0430
    3.1230    4.7940    5.3190    4.7940    3.1230
    3.6570    5.6860         0         0         0
         0         0         0         0         0
         0         0         0         0         0
         0         0         0         0         0
         0         0         0         0         0

> Enter the data: 6.335
    2.0430    3.0480    3.3540    3.0480    2.0430
    3.1230    4.7940    5.3190    4.7940    3.1230
    3.6570    5.6860    6.3350         0         0
         0         0         0         0         0
         0         0         0         0         0
         0         0         0         0         0
         0         0         0         0         0

> Enter the data: 5.686
    2.0430    3.0480    3.3540    3.0480    2.0430
    3.1230    4.7940    5.3190    4.7940    3.1230
    3.6570    5.6860    6.3350    5.6860         0
         0         0         0         0         0
         0         0         0         0         0
         0         0         0         0         0
         0         0         0         0         0

> Enter the data: 3.657
    2.0430    3.0480    3.3540    3.0480    2.0430
    3.1230    4.7940    5.3190    4.7940    3.1230
    3.6570    5.6860    6.3350    5.6860    3.6570
         0         0         0         0         0
         0         0         0         0         0
         0         0         0         0         0
         0         0         0         0         0

> Enter the data: 3.818
    2.0430    3.0480    3.3540    3.0480    2.0430
    3.1230    4.7940    5.3190    4.7940    3.1230
    3.6570    5.6860    6.3350    5.6860    3.6570
    3.8180         0         0         0         0
         0         0         0         0         0
         0         0         0         0         0
         0         0         0         0         0

> Enter the data: 5.960
    2.0430    3.0480    3.3540    3.0480    2.0430
    3.1230    4.7940    5.3190    4.7940    3.1230
    3.6570    5.6860    6.3350    5.6860    3.6570
    3.8180    5.9600         0         0         0
         0         0         0         0         0
         0         0         0         0         0
         0         0         0         0         0

> Enter the data: 6.647
    2.0430    3.0480    3.3540    3.0480    2.0430
    3.1230    4.7940    5.3190    4.7940    3.1230
    3.6570    5.6860    6.3350    5.6860    3.6570
    3.8180    5.9600    6.6470         0         0
         0         0         0         0         0
         0         0         0         0         0
         0         0         0         0         0

> Enter the data: 5.960
    2.0430    3.0480    3.3540    3.0480    2.0430
    3.1230    4.7940    5.3190    4.7940    3.1230
    3.6570    5.6860    6.3350    5.6860    3.6570
    3.8180    5.9600    6.6470    5.9600         0
         0         0         0         0         0
         0         0         0         0         0
         0         0         0         0         0

> Enter the data: 3.818
    2.0430    3.0480    3.3540    3.0480    2.0430
    3.1230    4.7940    5.3190    4.7940    3.1230
    3.6570    5.6860    6.3350    5.6860    3.6570
    3.8180    5.9600    6.6470    5.9600    3.8180
         0         0         0         0         0
         0         0         0         0         0
         0         0         0         0         0

> Enter the data: 3.657
    2.0430    3.0480    3.3540    3.0480    2.0430
    3.1230    4.7940    5.3190    4.7940    3.1230
    3.6570    5.6860    6.3350    5.6860    3.6570
    3.8180    5.9600    6.6470    5.9600    3.8180
    3.6570         0         0         0         0
         0         0         0         0         0
         0         0         0         0         0

> Enter the data: 5.686
    2.0430    3.0480    3.3540    3.0480    2.0430
    3.1230    4.7940    5.3190    4.7940    3.1230
    3.6570    5.6860    6.3350    5.6860    3.6570
    3.8180    5.9600    6.6470    5.9600    3.8180
    3.6570    5.6860         0         0         0
         0         0         0         0         0
         0         0         0         0         0

> Enter the data: 6.336
    2.0430    3.0480    3.3540    3.0480    2.0430
    3.1230    4.7940    5.3190    4.7940    3.1230
    3.6570    5.6860    6.3350    5.6860    3.6570
    3.8180    5.9600    6.6470    5.9600    3.8180
    3.6570    5.6860    6.3360         0         0
         0         0         0         0         0
         0         0         0         0         0

> Enter the data: 5.686
    2.0430    3.0480    3.3540    3.0480    2.0430
    3.1230    4.7940    5.3190    4.7940    3.1230
    3.6570    5.6860    6.3350    5.6860    3.6570
    3.8180    5.9600    6.6470    5.9600    3.8180
    3.6570    5.6860    6.3360    5.6860         0
         0         0         0         0         0
         0         0         0         0         0

> Enter the data: 3.657
    2.0430    3.0480    3.3540    3.0480    2.0430
    3.1230    4.7940    5.3190    4.7940    3.1230
    3.6570    5.6860    6.3350    5.6860    3.6570
    3.8180    5.9600    6.6470    5.9600    3.8180
    3.6570    5.6860    6.3360    5.6860    3.6570
         0         0         0         0         0
         0         0         0         0         0

> Enter the data: 3.123
    2.0430    3.0480    3.3540    3.0480    2.0430
    3.1230    4.7940    5.3190    4.7940    3.1230
    3.6570    5.6860    6.3350    5.6860    3.6570
    3.8180    5.9600    6.6470    5.9600    3.8180
    3.6570    5.6860    6.3360    5.6860    3.6570
    3.1230         0         0         0         0
         0         0         0         0         0

> Enter the data: 4.794
    2.0430    3.0480    3.3540    3.0480    2.0430
    3.1230    4.7940    5.3190    4.7940    3.1230
    3.6570    5.6860    6.3350    5.6860    3.6570
    3.8180    5.9600    6.6470    5.9600    3.8180
    3.6570    5.6860    6.3360    5.6860    3.6570
    3.1230    4.7940         0         0         0
         0         0         0         0         0

> Enter the data: 5.319
    2.0430    3.0480    3.3540    3.0480    2.0430
    3.1230    4.7940    5.3190    4.7940    3.1230
    3.6570    5.6860    6.3350    5.6860    3.6570
    3.8180    5.9600    6.6470    5.9600    3.8180
    3.6570    5.6860    6.3360    5.6860    3.6570
    3.1230    4.7940    5.3190         0         0
         0         0         0         0         0

> Enter the data: 4.794
    2.0430    3.0480    3.3540    3.0480    2.0430
    3.1230    4.7940    5.3190    4.7940    3.1230
    3.6570    5.6860    6.3350    5.6860    3.6570
    3.8180    5.9600    6.6470    5.9600    3.8180
    3.6570    5.6860    6.3360    5.6860    3.6570
    3.1230    4.7940    5.3190    4.7940         0
         0         0         0         0         0

> Enter the data: 3.123
    2.0430    3.0480    3.3540    3.0480    2.0430
    3.1230    4.7940    5.3190    4.7940    3.1230
    3.6570    5.6860    6.3350    5.6860    3.6570
    3.8180    5.9600    6.6470    5.9600    3.8180
    3.6570    5.6860    6.3360    5.6860    3.6570
    3.1230    4.7940    5.3190    4.7940    3.1230
         0         0         0         0         0

> Enter the data: 2.043
    2.0430    3.0480    3.3540    3.0480    2.0430
    3.1230    4.7940    5.3190    4.7940    3.1230
    3.6570    5.6860    6.3350    5.6860    3.6570
    3.8180    5.9600    6.6470    5.9600    3.8180
    3.6570    5.6860    6.3360    5.6860    3.6570
    3.1230    4.7940    5.3190    4.7940    3.1230
    2.0430         0         0         0         0

> Enter the data: 3.048
    2.0430    3.0480    3.3540    3.0480    2.0430
    3.1230    4.7940    5.3190    4.7940    3.1230
    3.6570    5.6860    6.3350    5.6860    3.6570
    3.8180    5.9600    6.6470    5.9600    3.8180
    3.6570    5.6860    6.3360    5.6860    3.6570
    3.1230    4.7940    5.3190    4.7940    3.1230
    2.0430    3.0480         0         0         0

> Enter the data: 3.354
    2.0430    3.0480    3.3540    3.0480    2.0430
    3.1230    4.7940    5.3190    4.7940    3.1230
    3.6570    5.6860    6.3350    5.6860    3.6570
    3.8180    5.9600    6.6470    5.9600    3.8180
    3.6570    5.6860    6.3360    5.6860    3.6570
    3.1230    4.7940    5.3190    4.7940    3.1230
    2.0430    3.0480    3.3540         0         0

> Enter the data: 3.048
    2.0430    3.0480    3.3540    3.0480    2.0430
    3.1230    4.7940    5.3190    4.7940    3.1230
    3.6570    5.6860    6.3350    5.6860    3.6570
    3.8180    5.9600    6.6470    5.9600    3.8180
    3.6570    5.6860    6.3360    5.6860    3.6570
    3.1230    4.7940    5.3190    4.7940    3.1230
    2.0430    3.0480    3.3540    3.0480         0

> Enter the data: 2.043
    2.0430    3.0480    3.3540    3.0480    2.0430
    3.1230    4.7940    5.3190    4.7940    3.1230
    3.6570    5.6860    6.3350    5.6860    3.6570
    3.8180    5.9600    6.6470    5.9600    3.8180
    3.6570    5.6860    6.3360    5.6860    3.6570
    3.1230    4.7940    5.3190    4.7940    3.1230
    2.0430    3.0480    3.3540    3.0480    2.0430


The results of the trapazoidal rule in x-direction are:
    3.8842    5.9936    6.6620    5.9936    3.8842

Now,We applied Simpson`s rule in Y-direction
The stress is: 4.602747e+00

------------------------------------------
    Thank You for using this program      
------------------------------------------